Time;Name;position.x;position.y;position.z;orientation.x;orientation.y;orientation.z;orientation.w;linear.x;linear.y;linear.z;angular.x;angular.y;angular.z
326.607;robot1;-27.650066197857825;39.19775027148002;0.0999574663810249;-9.539008931532746e-10;2.8733378376067942e-08;-0.564711968279411;0.8252880666058325;-3.169253124931978e-10;1.247037536977205e-09;7.829620295975874e-05;-1.0918732312792123e-09;-1.7967995955940511e-09;9.228026004889264e-10
326.707;robot1;-27.65006619785815;39.19775027148126;0.0999574663810557;-9.53872785339454e-10;2.8732328231769914e-08;-0.5647119682790196;0.8252880666061003;-3.170492166249442e-10;1.2467716667341743e-09;7.829620299839869e-05;-1.0916794921950262e-09;-1.797202341035795e-09;9.241006665073204e-10
326.807;robot1;-27.65006619785847;39.19775027148251;0.0999574663810864;-9.538446800470383e-10;2.8731278199329253e-08;-0.5647119682786287;0.8252880666063676;-3.1711046618440493e-10;1.2471890498571315e-09;7.829620297264666e-05;-1.0915575167521574e-09;-1.7970150958858255e-09;9.229092152503343e-10
326.907;robot1;-27.6500661978588;39.19775027148376;0.0999574663811171;-9.538170439039082e-10;2.873022797063645e-08;-0.564711968278238;0.8252880666066351;-3.1722201271011043e-10;1.2462871404847503e-09;7.829620295335067e-05;-1.0925526226815287e-09;-1.7968092873820663e-09;9.226693029620483e-10
327.007;robot1;-27.65006619785912;39.197750271485006;0.0999574663811478;-9.53788711384211e-10;2.8729177971058468e-08;-0.5647119682778468;0.8252880666069026;-3.168506600040108e-10;1.2473539876883539e-09;7.82962029897477e-05;-1.0911448425966511e-09;-1.7972170778125266e-09;9.236790993706295e-10
327.107;robot1;-27.650066197859445;39.19775027148625;0.0999574663811785;-9.537607521711763e-10;2.872812779374899e-08;-0.5647119682774562;0.8252880666071701;-3.1691793698573943e-10;1.2464473558758954e-09;7.829620296456492e-05;-1.091960980023543e-09;-1.7970884101604344e-09;9.224775778169695e-10
327.207;robot1;-27.65006619785977;39.1977502714875;0.0999574663812092;-9.5373263707543e-10;2.8727078165627785e-08;-0.564711968277065;0.8252880666074375;-3.172347890783171e-10;1.2470808957413684e-09;7.829620293763627e-05;-1.0910834154531243e-09;-1.796357824457861e-09;9.23211883094811e-10
327.307;robot1;-27.65006619786009;39.19775027148874;0.0999574663812399;-9.537047655831263e-10;2.872602814311673e-08;-0.5647119682766745;0.8252880666077048;-3.1647169136829557e-10;1.2461894777492126e-09;7.829620295682608e-05;-1.0919300575723083e-09;-1.796732741346583e-09;9.223693003698237e-10
327.407;robot1;-27.65006619786042;39.19775027148999;0.0999574663812706;-9.53676838440283e-10;2.8724978530399025e-08;-0.5647119682762844;0.8252880666079717;-3.1670201200173765e-10;1.246602820644104e-09;7.82962029311781e-05;-1.0913752619916652e-09;-1.7961188977759395e-09;9.208951411799061e-10
327.507;robot1;-27.650066197860745;39.19775027149124;0.0999574663813012;-9.53648764995506e-10;2.8723929428156944e-08;-0.564711968275894;0.825288066608239;-3.166935613146474e-10;1.247242794053291e-09;7.829620290665233e-05;-1.0905578519186216e-09;-1.795441415295269e-09;9.221015944367299e-10
327.607;robot1;-27.650066197861065;39.19775027149248;0.0999574663813319;-9.536210154614095e-10;2.872288008377908e-08;-0.5647119682755039;0.825288066608506;-3.1660225484358303e-10;1.2463511165278752e-09;7.829620292673056e-05;-1.0913656984913444e-09;-1.7954753913625503e-09;9.21284088911319e-10
327.707;robot1;-27.65006619786139;39.19775027149373;0.0999574663813625;-9.53593107746979e-10;2.8721831364821904e-08;-0.5647119682751133;0.8252880666087732;-3.1678926181634285e-10;1.2470106120200142e-09;7.829620290334653e-05;-1.0903986412308975e-09;-1.79462204618244e-09;9.222167836404802e-10
327.807;robot1;-27.65006619786171;39.197750271494975;0.0999574663813931;-9.535653885873775e-10;2.8720782165984592e-08;-0.5647119682747225;0.8252880666090406;-3.1677511969004363e-10;1.245986231814963e-09;7.829620290206516e-05;-1.0912514269068488e-09;-1.7952017166572171e-09;9.228361180913875e-10
327.907;robot1;-27.650066197862035;39.19775027149622;0.0999574663814238;-9.535373187177103e-10;2.871973327389284e-08;-0.5647119682743317;0.825288066609308;-3.1675442791259634e-10;1.246865444036003e-09;7.829620291547362e-05;-1.090326901132035e-09;-1.795091918289425e-09;9.227535458241771e-10
328.007;robot1;-27.65006619786236;39.19775027149747;0.0999574663814545;-9.53509077986868e-10;2.8718684539381944e-08;-0.5647119682739403;0.8252880666095758;-3.1675105085154154e-10;1.247526621672786e-09;7.82962029402846e-05;-1.0898684157148507e-09;-1.7950251298766806e-09;9.24147357443337e-10
328.107;robot1;-27.65006619786268;39.19775027149871;0.0999574663814852;-9.534812518809102e-10;2.8717635726384624e-08;-0.5647119682735495;0.8252880666098432;-3.1689690390928164e-10;1.2466875876609015e-09;7.829620292609278e-05;-1.090641216507728e-09;-1.794686573936348e-09;9.228270075907083e-10
328.207;robot1;-27.650066197863005;39.19775027149996;0.0999574663815158;-9.534534057879543e-10;2.871658699542312e-08;-0.5647119682731592;0.8252880666101103;-3.1684819265376627e-10;1.2471506077130644e-09;7.829620291125685e-05;-1.0905158725383856e-09;-1.794573645982862e-09;9.217998903348763e-10
328.307;robot1;-27.650066197863328;39.197750271501214;0.0999574663815465;-9.534254862844675e-10;2.87155381387659e-08;-0.5647119682727678;0.8252880666103781;-3.16902789160471e-10;1.2469428672495883e-09;7.829620296410953e-05;-1.09053652167528e-09;-1.794863992398058e-09;9.241582115719895e-10
328.407;robot1;-27.65006619786365;39.19775027150246;0.0999574663815772;-9.533979471610632e-10;2.8714489242919254e-08;-0.5647119682723769;0.8252880666106456;-3.168860653662465e-10;1.246084784037769e-09;7.829620290446697e-05;-1.0912071810752412e-09;-1.7944986917146752e-09;9.229281535741531e-10
328.507;robot1;-27.65006619786397;39.19775027150371;0.0999574663816078;-9.533697612601184e-10;2.871344060098193e-08;-0.5647119682719854;0.8252880666109134;-3.1688899182417776e-10;1.247174615370397e-09;7.829620294674416e-05;-1.0898531740354206e-09;-1.794809823668777e-09;9.243257486614991e-10
328.607;robot1;-27.650066197864295;39.19775027150495;0.0999574663816385;-9.533419243343904e-10;2.8712391789915376e-08;-0.5647119682715944;0.8252880666111809;-3.1684505006183963e-10;1.2463098156468655e-09;7.829620292408496e-05;-1.0906194324828896e-09;-1.794694526380399e-09;9.23242223049465e-10
328.707;robot1;-27.65006619786462;39.1977502715062;0.0999574663816691;-9.533141381353363e-10;2.871134318769028e-08;-0.5647119682712035;0.8252880666114484;-3.1682392008730637e-10;1.246763361232712e-09;7.829620290878593e-05;-1.0904674586847087e-09;-1.7942923575571607e-09;9.231176341257155e-10
328.807;robot1;-27.650066197864945;39.197750271507445;0.0999574663816997;-9.532860543294355e-10;2.87102949123769e-08;-0.5647119682708125;0.8252880666117159;-3.168024963211164e-10;1.2474208550238338e-09;7.829620287696536e-05;-1.0896078250235158e-09;-1.7940886436918044e-09;9.234019077022165e-10
328.907;robot1;-27.650066197865268;39.19775027150869;0.0999574663817303;-9.53258331474088e-10;2.870924644042123e-08;-0.5647119682704219;0.8252880666119832;-3.167559502209988e-10;1.246562396583866e-09;7.82962028517227e-05;-1.0904253372144087e-09;-1.794005450511463e-09;9.223468018955045e-10
329.007;robot1;-27.65006619786559;39.19775027150994;0.0999574663817608;-9.53230749104952e-10;2.8708198492988903e-08;-0.5647119682700316;0.8252880666122503;-3.1678202446356313e-10;1.2470382638160887e-09;7.829620274790261e-05;-1.0900647888791427e-09;-1.7929808996283046e-09;9.218301912931764e-10
329.107;robot1;-27.650066197865915;39.19775027151118;0.0999574663817914;-9.532028622948642e-10;2.870715024566253e-08;-0.5647119682696405;0.8252880666125179;-3.1677420896273957e-10;1.2468120214818075e-09;7.829620282526981e-05;-1.0899011239698612e-09;-1.793819995646294e-09;9.234374329520183e-10
329.207;robot1;-27.65006619786624;39.19775027151243;0.0999574663818218;-9.531751340950743e-10;2.8706102485292253e-08;-0.5647119682692497;0.8252880666127853;-3.1680595156472185e-10;1.2472958996413872e-09;7.829620272520352e-05;-1.0896132586644782e-09;-1.7928371911030115e-09;9.229049055529435e-10
329.307;robot1;-27.65006619786656;39.19775027151368;0.0999574663818523;-9.53147332804959e-10;2.8705054213696492e-08;-0.564711968268858;0.8252880666130534;-3.166944043771923e-10;1.2465186482152432e-09;7.829620276314029e-05;-1.0900697040468278e-09;-1.793763780394163e-09;9.251542621510603e-10
329.407;robot1;-27.650066197866884;39.19775027151493;0.0999574663818828;-9.531195635408436e-10;2.8704006285260512e-08;-0.5647119682684674;0.8252880666133207;-3.167421821755657e-10;1.2471035816231939e-09;7.829620273091507e-05;-1.0897354314048086e-09;-1.7931613252385416e-09;9.222630059084944e-10
329.507;robot1;-27.650066197867208;39.19775027151617;0.0999574663819133;-9.53091999388307e-10;2.8702957845453686e-08;-0.5647119682680765;0.8252880666135881;-3.1661628240264536e-10;1.2461245624386923e-09;7.829620274696602e-05;-1.0906508876800504e-09;-1.7937737724519242e-09;9.230224574099187e-10
329.607;robot1;-27.65006619786753;39.19775027151742;0.0999574663819438;-9.53063984363699e-10;2.8701909988175207e-08;-0.5647119682676848;0.8252880666138561;-3.1671034106722967e-10;1.2472444743689736e-09;7.829620273200615e-05;-1.0892493628113267e-09;-1.793321455782003e-09;9.249316654131811e-10
329.707;robot1;-27.65006619786785;39.197750271518665;0.0999574663819743;-9.530362931674655e-10;2.8700861866628004e-08;-0.5647119682672935;0.8252880666141238;-3.1668035950239145e-10;1.2463947034075851e-09;7.829620273180014e-05;-1.090081871189424e-09;-1.7933918764727727e-09;9.238282149906239e-10
329.807;robot1;-27.650066197868178;39.19775027151991;0.0999574663820047;-9.530085186727443e-10;2.869981382973164e-08;-0.5647119682669028;0.8252880666143914;-3.1663654701229724e-10;1.2468583773963903e-09;7.82962027324317e-05;-1.0898491383648263e-09;-1.7933461219357136e-09;9.227489920753457e-10
329.907;robot1;-27.6500661978685;39.19775027152116;0.0999574663820353;-9.52980155591265e-10;2.869876594282945e-08;-0.5647119682665114;0.8252880666146589;-3.1664742872791044e-10;1.24797563701193e-09;7.829620279658505e-05;-1.0887097851435554e-09;-1.793763341150276e-09;9.241272112636826e-10
330.007;robot1;-27.650066197868824;39.19775027152241;0.0999574663820657;-9.529524232543702e-10;2.8697718129277533e-08;-0.5647119682661204;0.8252880666149268;-3.166983134813525e-10;1.2471670072885006e-09;7.82962027196137e-05;-1.0896677604504823e-09;-1.7929297675057572e-09;9.235474278624606e-10
330.107;robot1;-27.650066197869148;39.19775027152365;0.0999574663820962;-9.529250223477335e-10;2.869667002431485e-08;-0.5647119682657296;0.8252880666151939;-3.16668290470772e-10;1.2463229885529902e-09;7.829620271488013e-05;-1.090542772774618e-09;-1.793036356666115e-09;9.224595783157275e-10
330.207;robot1;-27.65006619786947;39.1977502715249;0.0999574663821267;-9.528969834013682e-10;2.8695622255937248e-08;-0.5647119682653385;0.8252880666154617;-3.1687000565786034e-10;1.2474479134599863e-09;7.829620277133572e-05;-1.089109781207689e-09;-1.7932015579013246e-09;9.235235113687685e-10
330.307;robot1;-27.650066197869798;39.19775027152615;0.0999574663821572;-9.528693944640363e-10;2.8694574234761272e-08;-0.5647119682649474;0.8252880666157291;-3.1688115829131027e-10;1.2466089083283203e-09;7.829620277112495e-05;-1.0901373845232412e-09;-1.7931107151342295e-09;9.233323581526223e-10
330.407;robot1;-27.65006619787012;39.1977502715274;0.0999574663821877;-9.528414571854035e-10;2.8693526448888482e-08;-0.5647119682645564;0.825288066615997;-3.1688172781954017e-10;1.2472782281703495e-09;7.829620275762369e-05;-1.089296911031337e-09;-1.793115704270786e-09;9.235581920466783e-10
330.507;robot1;-27.65006619787044;39.19775027152864;0.0999574663822181;-9.528138543536587e-10;2.8692478571130745e-08;-0.5647119682641658;0.8252880666162642;-3.168785367760821e-10;1.2464322843052683e-09;7.829620270927185e-05;-1.0899518683285443e-09;-1.7928894324328006e-09;9.22247169321305e-10
330.607;robot1;-27.650066197870764;39.19775027152989;0.0999574663822485;-9.527862786314162e-10;2.869143098137764e-08;-0.5647119682637753;0.8252880666165313;-3.1690035653727633e-10;1.246906202835766e-09;7.82962026634115e-05;-1.0896713267547675e-09;-1.7923831736226547e-09;9.218704054798607e-10
330.707;robot1;-27.650066197871087;39.197750271531135;0.099957466382279;-9.527580153200234e-10;2.8690383525682342e-08;-0.5647119682633844;0.8252880666167988;-3.1708101628832417e-10;1.248027778068417e-09;7.829620275728119e-05;-1.0883865303136095e-09;-1.7929387206296136e-09;9.231433564343087e-10
330.807;robot1;-27.65006619787141;39.19775027153239;0.0999574663823095;-9.52730164683306e-10;2.8689335922144663e-08;-0.5647119682629941;0.8252880666170659;-3.1707904596234936e-10;1.2472020871435503e-09;7.829620270890348e-05;-1.089234710784502e-09;-1.792716674227473e-09;9.218333105372247e-10
330.907;robot1;-27.65006619787173;39.19775027153363;0.0999574663823399;-9.527025428524372e-10;2.8688288393105213e-08;-0.5647119682626033;0.8252880666173332;-3.171548754300272e-10;1.246578230405607e-09;7.829620265886091e-05;-1.0895273656995076e-09;-1.792335221821211e-09;9.227430910982601e-10
331.007;robot1;-27.650066197872057;39.19775027153488;0.0999574663823703;-9.526747804240727e-10;2.8687240714531373e-08;-0.5647119682622129;0.8252880666176003;-3.1709904781077994e-10;1.2470465566175176e-09;7.829620269560152e-05;-1.0894645309222747e-09;-1.792740858572172e-09;9.218229211249204e-10
331.207;robot1;-27.650066197872704;39.19775027153737;0.0999574663824311;-9.526192346143436e-10;2.868514521332365e-08;-0.564711968261431;0.8252880666181354;-3.1710314175468665e-10;1.2472039347425963e-09;7.8296202658961e-05;-1.0888161612564276e-09;-1.7926724337964081e-09;9.242112640321531e-10
331.307;robot1;-27.650066197873027;39.19775027153862;0.0999574663824615;-9.525915275361041e-10;2.8684097471187814e-08;-0.5647119682610401;0.8252880666184028;-3.17078045420442e-10;1.2463587230995919e-09;7.829620265898574e-05;-1.089626898584563e-09;-1.792782848585812e-09;9.230668136307779e-10
331.407;robot1;-27.650066197873358;39.19775027153986;0.0999574663824919;-9.525636995314007e-10;2.8683049789938382e-08;-0.5647119682606497;0.8252880666186702;-3.1720263834585557e-10;1.2468370665252252e-09;7.829620270423221e-05;-1.0893590448645916e-09;-1.7928190815015796e-09;9.218566560668112e-10
331.507;robot1;-27.65006619787368;39.19775027154111;0.0999574663825223;-9.525356586477026e-10;2.8682002361951143e-08;-0.5647119682602588;0.8252880666189374;-3.1658719418326327e-10;1.247539610008981e-09;7.829620266387506e-05;-1.0887225576518739e-09;-1.7926407646244376e-09;9.227898085986636e-10
331.607;robot1;-27.650066197874;39.197750271542354;0.0999574663825527;-9.52508030935734e-10;2.8680954828891363e-08;-0.5647119682598686;0.8252880666192044;-3.165750140411145e-10;1.24671363943206e-09;7.829620262380224e-05;-1.0895227994378026e-09;-1.7923471466619716e-09;9.214727784552107e-10
331.707;robot1;-27.650066197874324;39.197750271543605;0.0999574663825831;-9.524799543303802e-10;2.8679907643370413e-08;-0.5647119682594776;0.825288066619472;-3.168086685063566e-10;1.2478644844787142e-09;7.829620269351992e-05;-1.0883903224430194e-09;-1.7922806993985855e-09;9.234309051351595e-10
331.807;robot1;-27.650066197874647;39.197750271544855;0.0999574663826135;-9.524523074662632e-10;2.8678860306839568e-08;-0.5647119682590871;0.8252880666197392;-3.1680450598899347e-10;1.2470471815365455e-09;7.829620265093196e-05;-1.0892697170623302e-09;-1.7920448412189871e-09;9.220981005977135e-10
331.907;robot1;-27.65006619787497;39.1977502715461;0.0999574663826439;-9.524249940815271e-10;2.8677812845828983e-08;-0.5647119682586972;0.825288066620006;-3.16805141398416e-10;1.2462124118028482e-09;7.829620260782312e-05;-1.089959261829337e-09;-1.791873888899915e-09;9.207660027456241e-10
332.007;robot1;-27.650066197875294;39.19775027154734;0.0999574663826742;-9.523973977924195e-10;2.8676765630885125e-08;-0.5647119682583067;0.8252880666202731;-3.1685100767536543e-10;1.2468907577477e-09;7.829620260232702e-05;-1.0892142934720764e-09;-1.7917875220170474e-09;9.218657610316323e-10
332.107;robot1;-27.650066197875617;39.19775027154859;0.0999574663827046;-9.523696694958976e-10;2.86757184218184e-08;-0.5647119682579169;0.8252880666205401;-3.1682309008376e-10;1.247365066896772e-09;7.829620260011579e-05;-1.0889904163029243e-09;-1.7919271056558532e-09;9.207496256538475e-10
332.207;robot1;-27.65006619787594;39.19775027154984;0.0999574663827349;-9.5234206032962e-10;2.867467111452657e-08;-0.5647119682575257;0.8252880666208076;-3.1667906099131505e-10;1.246638854886818e-09;7.829620258093541e-05;-1.089297463872325e-09;-1.7919544845712694e-09;9.236468790160756e-10
332.307;robot1;-27.650066197876264;39.19775027155109;0.0999574663827652;-9.523143980692506e-10;2.867362411152581e-08;-0.564711968257135;0.8252880666210749;-3.1654082100021905e-10;1.247143881642991e-09;7.829620254374595e-05;-1.0888662458080143e-09;-1.791511742166755e-09;9.224703020336155e-10
332.407;robot1;-27.650066197876587;39.19775027155233;0.0999574663827956;-9.522865306273901e-10;2.8672576897855753e-08;-0.564711968256744;0.8252880666213425;-3.1650572650360147e-10;1.2467024903787203e-09;7.829620265969303e-05;-1.08876531701635e-09;-1.7920910249026215e-09;9.234392407984112e-10
332.507;robot1;-27.65006619787691;39.19775027155358;0.0999574663828259;-9.522588113862092e-10;2.8671530210062443e-08;-0.5647119682563532;0.8252880666216101;-3.1642217032415645e-10;1.2472262560557426e-09;7.829620259583447e-05;-1.0884161617966426e-09;-1.791055287038856e-09;9.229896530383668e-10
332.607;robot1;-27.650066197877237;39.19775027155482;0.0999574663828562;-9.522314179851008e-10;2.8670483500488068e-08;-0.5647119682559627;0.825288066621877;-3.1629124617261777e-10;1.246415038591277e-09;7.829620256713608e-05;-1.0889777189570132e-09;-1.790722834372078e-09;9.218262629116443e-10
332.707;robot1;-27.65006619787756;39.19775027155607;0.0999574663828865;-9.522037345931527e-10;2.866943701701813e-08;-0.5647119682555723;0.8252880666221442;-3.160617624352664e-10;1.2468447130702435e-09;7.829620257070209e-05;-1.088243729888015e-09;-1.7906768157208096e-09;9.217505457268392e-10
332.807;robot1;-27.65006619787788;39.19775027155732;0.0999574663829168;-9.521761315747282e-10;2.8668390872791743e-08;-0.5647119682551821;0.8252880666224112;-3.1595299237294627e-10;1.2473658003234652e-09;7.829620254099402e-05;-1.0879940029999602e-09;-1.790025938812734e-09;9.215094922417771e-10
332.907;robot1;-27.650066197878203;39.19775027155856;0.0999574663829471;-9.521486684993466e-10;2.8667344740754114e-08;-0.5647119682547921;0.8252880666226783;-3.1592213598716756e-10;1.246503467862107e-09;7.829620253801855e-05;-1.0882106784496088e-09;-1.7898478212072699e-09;9.211596267288392e-10
333.007;robot1;-27.650066197878527;39.19775027155981;0.0999574663829773;-9.521211615262911e-10;2.8666298986408224e-08;-0.5647119682544023;0.8252880666229447;-3.1565268486928257e-10;1.2470416392845179e-09;7.829620250074058e-05;-1.0877118379363962e-09;-1.7892739344478235e-09;9.201494778095283e-10
333.107;robot1;-27.65006619787885;39.197750271561056;0.0999574663830076;-9.520937682643807e-10;2.8665252539119772e-08;-0.5647119682540126;0.8252880666232114;-3.1511795143331216e-10;1.2458467619198496e-09;7.829620256910796e-05;-1.0886814006252255e-09;-1.790289150197423e-09;9.200177657552391e-10
333.207;robot1;-27.650066197879173;39.1977502715623;0.0999574663830379;-9.520662423979228e-10;2.8664206687593392e-08;-0.5647119682536228;0.8252880666234781;-3.1513819821182267e-10;1.2463073331204463e-09;7.82962025384043e-05;-1.087789588174455e-09;-1.789455624018115e-09;9.203748834533297e-10
333.307;robot1;-27.650066197879497;39.19775027156354;0.0999574663830682;-9.520385791958552e-10;2.8663160905910414e-08;-0.564711968253234;0.8252880666237444;-3.1470926134115415e-10;1.246560361500589e-09;7.829620255056894e-05;-1.087484477009158e-09;-1.789495356878474e-09;9.182265581272257e-10
333.407;robot1;-27.65006619787982;39.19775027156479;0.0999574663830985;-9.520106782412046e-10;2.8662115363113402e-08;-0.564711968252845;0.8252880666240103;-3.1451848977437047e-10;1.2470454388191795e-09;7.829620260614082e-05;-1.086823281950489e-09;-1.7893696041350152e-09;9.182131480022428e-10
333.507;robot1;-27.650066197880143;39.19775027156604;0.0999574663831289;-9.51983172311109e-10;2.8661069638365292e-08;-0.5647119682524562;0.8252880666242767;-3.142565455610886e-10;1.2459047086438952e-09;7.829620260951518e-05;-1.0876801191590034e-09;-1.789223722359785e-09;9.18293904644516e-10
333.607;robot1;-27.650066197880463;39.19775027156728;0.0999574663831592;-9.519555585587703e-10;2.8660024425446783e-08;-0.564711968252067;0.8252880666245427;-3.1428913482332356e-10;1.246388299089517e-09;7.829620258323487e-05;-1.0869240909094063e-09;-1.7885008892463715e-09;9.186127565817653e-10
333.707;robot1;-27.65006619788079;39.19775027156852;0.0999574663831896;-9.519277973967215e-10;2.8658979015577653e-08;-0.5647119682516788;0.8252880666248084;-3.1384957752510337e-10;1.2466578299867523e-09;7.829620263536363e-05;-1.086904033310126e-09;-1.7889925646243264e-09;9.166377231895288e-10
333.807;robot1;-27.65006619788111;39.197750271569774;0.09995746638322;-9.518997840955836e-10;2.865793369437976e-08;-0.5647119682512899;0.8252880666250745;-3.135984237151959e-10;1.247048191010253e-09;7.829620266266331e-05;-1.086388605380394e-09;-1.7891310527837503e-09;9.182203268431363e-10
333.907;robot1;-27.650066197881436;39.19775027157102;0.0999574663832504;-9.518723273672952e-10;2.8656888349808157e-08;-0.5647119682509016;0.8252880666253402;-3.1409463189548096e-10;1.2460348036799239e-09;7.829620267506806e-05;-1.0873330808728804e-09;-1.7885418044435556e-09;9.166585235060591e-10
334.007;robot1;-27.65006619788176;39.19775027157226;0.0999574663832808;-9.51844632484005e-10;2.8655843287613357e-08;-0.5647119682505135;0.8252880666256057;-3.1395658456518647e-10;1.2465431553985675e-09;7.829620267656112e-05;-1.086620993926174e-09;-1.7883450089051202e-09;9.164171806852547e-10
334.107;robot1;-27.65006619788208;39.19775027157351;0.0999574663833112;-9.518166308067294e-10;2.8654798234202882e-08;-0.5647119682501247;0.8252880666258717;-3.137290093800088e-10;1.246940997189654e-09;7.829620269361502e-05;-1.0861050933529044e-09;-1.7886770388280074e-09;9.179473956952599e-10
334.207;robot1;-27.6500661978824;39.19775027157476;0.0999574663833417;-9.51788899291486e-10;2.8653752748879527e-08;-0.5647119682497369;0.8252880666261371;-3.1350613091584343e-10;1.2459222288884347e-09;7.829620273241286e-05;-1.0870380403638674e-09;-1.7890846075393226e-09;9.156124568441127e-10
334.307;robot1;-27.65006619788272;39.197750271576;0.0999574663833722;-9.51761016505277e-10;2.8652707743429563e-08;-0.5647119682493492;0.8252880666264024;-3.140429087941201e-10;1.2464259991450038e-09;7.829620272566623e-05;-1.0862462642729203e-09;-1.788463703256233e-09;9.153183119472977e-10
334.407;robot1;-27.65006619788305;39.19775027157724;0.0999574663834027;-9.517330599340032e-10;2.8651662585409552e-08;-0.5647119682489614;0.8252880666266678;-3.1378016900586085e-10;1.2466173832197227e-09;7.829620274812045e-05;-1.0862971856562812e-09;-1.7887987803314105e-09;9.155187511901351e-10
334.507;robot1;-27.65006619788337;39.19775027157849;0.0999574663834331;-9.517049186879699e-10;2.8650617696887242e-08;-0.5647119682485737;0.825288066626933;-3.136452066341788e-10;1.2471413931545652e-09;7.829620273897495e-05;-1.0856887029140847e-09;-1.788562186424205e-09;9.152227655549063e-10
334.607;robot1;-27.65006619788369;39.197750271579736;0.0999574663834636;-9.516769069938355e-10;2.8649572507870216e-08;-0.5647119682481855;0.8252880666271987;-3.1342537594935456e-10;1.2462296232023904e-09;7.82962027493953e-05;-1.0862413584447921e-09;-1.7889113704038015e-09;9.167065918250066e-10
334.707;robot1;-27.65006619788401;39.19775027158098;0.0999574663834941;-9.51649048319657e-10;2.8648527620302386e-08;-0.5647119682477979;0.8252880666274639;-3.1392202797712664e-10;1.2465442601342687e-09;7.829620274475455e-05;-1.0861534651718981e-09;-1.7882412680411394e-09;9.150609100774491e-10
334.807;robot1;-27.650066197884332;39.19775027158223;0.0999574663835246;-9.516209067970063e-10;2.86474827486686e-08;-0.5647119682474097;0.8252880666277296;-3.1369571650921564e-10;1.246950090516989e-09;7.829620275284522e-05;-1.0856690934421795e-09;-1.7885343983424185e-09;9.165542042024656e-10
334.907;robot1;-27.65006619788465;39.19775027158347;0.0999574663835551;-9.515932175592319e-10;2.864643765280451e-08;-0.5647119682470221;0.8252880666279948;-3.1353418548785524e-10;1.2459530181949571e-09;7.829620274682746e-05;-1.086668007823127e-09;-1.788393530303267e-09;9.149160445936048e-10
335.007;robot1;-27.65006619788498;39.19775027158472;0.0999574663835855;-9.515653692768995e-10;2.8645393013844385e-08;-0.5647119682466346;0.8252880666282599;-3.1407582441855627e-10;1.2464644234127926e-09;7.829620273044968e-05;-1.0858893832695527e-09;-1.7878194434992636e-09;9.146081244929306e-10
335.107;robot1;-27.6500661978853;39.19775027158596;0.0999574663836161;-9.515371659700844e-10;2.864434818986368e-08;-0.5647119682462465;0.8252880666285255;-3.1383420378579363e-10;1.246863411583183e-09;7.82962027784732e-05;-1.0855130783184735e-09;-1.7885259512452211e-09;9.162903120931415e-10
335.207;robot1;-27.650066197885625;39.19775027158721;0.0999574663836465;-9.51509092781058e-10;2.8643303597453278e-08;-0.5647119682458591;0.8252880666287905;-3.1369074796803926e-10;1.247202696208365e-09;7.829620273033242e-05;-1.0854669604794288e-09;-1.7879965360551123e-09;9.144557012377826e-10
335.307;robot1;-27.650066197885945;39.19775027158845;0.099957466383677;-9.51481104469131e-10;2.8642258475758063e-08;-0.5647119682454711;0.8252880666290561;-3.1345566258331377e-10;1.2462921361255254e-09;7.829620278091457e-05;-1.0862044845548456e-09;-1.788774026790465e-09;9.161455675805119e-10
335.407;robot1;-27.650066197886268;39.1977502715897;0.0999574663837075;-9.514533120816043e-10;2.8641213788939626e-08;-0.5647119682450839;0.8252880666293211;-3.1398136785987917e-10;1.2466194162801556e-09;7.829620273567076e-05;-1.0860366040409728e-09;-1.7878352069143593e-09;9.143168241471287e-10
335.507;robot1;-27.65006619788659;39.19775027159094;0.099957466383738;-9.51425213508797e-10;2.864016897574133e-08;-0.5647119682446957;0.8252880666295866;-3.1373809374930616e-10;1.2467852629781027e-09;7.829620274643628e-05;-1.08567407925392e-09;-1.7883895180193419e-09;9.163546962416087e-10
335.607;robot1;-27.65006619788691;39.19775027159219;0.0999574663837685;-9.513969353921166e-10;2.8639124222591384e-08;-0.5647119682443077;0.8252880666298522;-3.1358565006356605e-10;1.2473193124277042e-09;7.829620277268331e-05;-1.0853106409668275e-09;-1.7884930548225432e-09;9.16194065659928e-10
335.707;robot1;-27.650066197887234;39.19775027159344;0.099957466383799;-9.513690162174559e-10;2.8638079090245203e-08;-0.5647119682439199;0.8252880666301176;-3.1397205138715566e-10;1.2462005826306238e-09;7.829620278327265e-05;-1.086330603296633e-09;-1.7887138781457787e-09;9.154211651287483e-10
335.807;robot1;-27.65006619788756;39.19775027159468;0.0999574663838296;-9.513408768064078e-10;2.8637034037249443e-08;-0.5647119682435322;0.8252880666303828;-3.1382356806397105e-10;1.246723969006333e-09;7.82962028135494e-05;-1.085877534344061e-09;-1.7888316973933583e-09;9.152606084753217e-10
335.907;robot1;-27.65006619788788;39.19775027159593;0.0999574663838601;-9.51312866533467e-10;2.8635989232710664e-08;-0.5647119682431453;0.8252880666306476;-3.136798087156598e-10;1.2470601648429515e-09;7.829620276761987e-05;-1.0858101467636164e-09;-1.7882754220476095e-09;9.134110113654571e-10
336.006;robot1;-27.6500661978882;39.19775027159717;0.0999574663838906;-9.512850757263403e-10;2.8634944138848986e-08;-0.5647119682427574;0.825288066630913;-3.1350381345958496e-10;1.2461548180471015e-09;7.829620277947471e-05;-1.0864982161646475e-09;-1.7885046722854515e-09;9.158166286512004e-10
336.107;robot1;-27.650066197888524;39.197750271598416;0.0999574663839211;-9.512569841713187e-10;2.8633899304450728e-08;-0.5647119682423699;0.8252880666311782;-3.1398484765391445e-10;1.2466560138014406e-09;7.829620279654296e-05;-1.0857087643909599e-09;-1.7884163296758096e-09;9.147561008914955e-10
336.207;robot1;-27.650066197888847;39.19775027159966;0.0999574663839516;-9.512288954017759e-10;2.8632854497407564e-08;-0.5647119682419824;0.8252880666314433;-3.1374694070854983e-10;1.2468652890645886e-09;7.829620276609439e-05;-1.085682655230534e-09;-1.7883679069286774e-09;9.147016845055151e-10
336.307;robot1;-27.650066197889167;39.19775027160091;0.0999574663839822;-9.512006025845804e-10;2.8631809776808863e-08;-0.5647119682415951;0.8252880666317084;-3.1359281556385545e-10;1.2473933418132243e-09;7.829620278892375e-05;-1.0852491104580034e-09;-1.7884554809333947e-09;9.14546813109368e-10
336.407;robot1;-27.65006619788949;39.19775027160215;0.0999574663840127;-9.51172812642329e-10;2.863076472323245e-08;-0.5647119682412073;0.8252880666319737;-3.1402929493473133e-10;1.2459049841409816e-09;7.829620278187752e-05;-1.086454047047756e-09;-1.788437492681452e-09;9.15607243955932e-10
336.507;robot1;-27.650066197889814;39.1977502716034;0.0999574663840432;-9.511447342728408e-10;2.8629719681031363e-08;-0.5647119682408193;0.8252880666322392;-3.1385627742929803e-10;1.246172185307021e-09;7.829620281073382e-05;-1.0859649491067634e-09;-1.788744518219646e-09;9.160011234995365e-10
336.607;robot1;-27.650066197890137;39.19775027160464;0.0999574663840738;-9.51116366031361e-10;2.8628674510595964e-08;-0.5647119682404302;0.8252880666325054;-3.136248681734455e-10;1.2461956683506015e-09;7.829620284218929e-05;-1.085631305411224e-09;-1.7892833897050835e-09;9.185407569147507e-10
336.707;robot1;-27.650066197890457;39.19775027160589;0.0999574663841044;-9.51088083567121e-10;2.862762948818304e-08;-0.5647119682400419;0.8252880666327711;-3.134527379686889e-10;1.246518396193932e-09;7.829620283961e-05;-1.085606138647239e-09;-1.7889417954281924e-09;9.168446030637461e-10
336.807;robot1;-27.65006619789078;39.197750271607134;0.0999574663841349;-9.51059738574653e-10;2.8626584916328162e-08;-0.5647119682396536;0.8252880666330368;-3.1399263613745003e-10;1.247047768121241e-09;7.8296202825714e-05;-1.084994924761688e-09;-1.7882690150727101e-09;9.164868359375387e-10
336.907;robot1;-27.650066197891103;39.19775027160838;0.0999574663841655;-9.510318148333296e-10;2.8625539836619573e-08;-0.5647119682392651;0.8252880666333027;-3.137593710879482e-10;1.2455681373824335e-09;7.829620282042754e-05;-1.086262684202133e-09;-1.7886313672506532e-09;9.175231706593531e-10
337.007;robot1;-27.650066197891423;39.19775027160962;0.0999574663841961;-9.510034706032627e-10;2.8624494590306814e-08;-0.5647119682388766;0.8252880666335685;-3.1352113664619856e-10;1.2458248820106767e-09;7.82962028815255e-05;-1.0857568017987154e-09;-1.7893811639341281e-09;9.17168813976024e-10
337.107;robot1;-27.650066197891743;39.19775027161087;0.0999574663842267;-9.50975329203491e-10;2.8623449832463238e-08;-0.5647119682384889;0.8252880666338337;-3.1404625441558876e-10;1.246147038142187e-09;7.82962028275207e-05;-1.0855400816581686e-09;-1.7883460720866342e-09;9.152802808115939e-10
337.207;robot1;-27.65006619789207;39.19775027161211;0.0999574663842573;-9.509468829206762e-10;2.8622404726353718e-08;-0.5647119682381001;0.8252880666340997;-3.1379526597342795e-10;1.2461739026309632e-09;7.829620289404179e-05;-1.0854307067104951e-09;-1.7892653628188915e-09;9.180225676849153e-10
337.307;robot1;-27.650066197892397;39.19775027161335;0.0999574663842879;-9.50918587358289e-10;2.8621359797256716e-08;-0.5647119682377119;0.8252880666343654;-3.1362483671613257e-10;1.2462677783338694e-09;7.829620284285793e-05;-1.085479918507162e-09;-1.7888026687435362e-09;9.166902912784601e-10
337.407;robot1;-27.650066197892716;39.1977502716146;0.0999574663843185;-9.50890092561873e-10;2.86203147073054e-08;-0.5647119682373225;0.8252880666346318;-3.1338963501546044e-10;1.246311129673064e-09;7.829620286459055e-05;-1.0853330702099544e-09;-1.789292850051948e-09;9.192180836774115e-10
337.507;robot1;-27.65006619789304;39.19775027161584;0.0999574663843491;-9.50861678290625e-10;2.8619269583887153e-08;-0.5647119682369339;0.8252880666348977;-3.1380565331236616e-10;1.246389162812557e-09;7.829620288932841e-05;-1.0855042515279872e-09;-1.7892574783208771e-09;9.173314015989076e-10
337.607;robot1;-27.65006619789336;39.19775027161709;0.0999574663843797;-9.508332000087368e-10;2.8618224705351997e-08;-0.5647119682365456;0.8252880666351635;-3.1367486655108946e-10;1.2469388690970908e-09;7.829620286577206e-05;-1.0851226483766275e-09;-1.7889256058698694e-09;9.169405402513228e-10
337.707;robot1;-27.65006619789368;39.19775027161833;0.0999574663844103;-9.50805033654307e-10;2.8617179553721682e-08;-0.5647119682361569;0.8252880666354294;-3.135484990963405e-10;1.245791485432415e-09;7.829620286469666e-05;-1.085944694480556e-09;-1.7890238978317314e-09;9.176347787762411e-10
337.807;robot1;-27.650066197894;39.197750271619576;0.0999574663844409;-9.5077695100706e-10;2.86161342555982e-08;-0.5647119682357677;0.8252880666356958;-3.1395408496464365e-10;1.245615927484333e-09;7.829620289374683e-05;-1.0862473567639562e-09;-1.7891715957693922e-09;9.188256227784937e-10
337.907;robot1;-27.65006619789433;39.19775027162082;0.0999574663844715;-9.507486931356291e-10;2.861508926694992e-08;-0.5647119682353785;0.8252880666359621;-3.136726793432908e-10;1.2459160616779814e-09;7.829620287613063e-05;-1.0856080382190602e-09;-1.7888583770996103e-09;9.191374208820471e-10
338.007;robot1;-27.650066197894645;39.19775027162206;0.0999574663845022;-9.507203313408391e-10;2.8614044037897417e-08;-0.5647119682349898;0.8252880666362281;-3.134368318352094e-10;1.24584502557768e-09;7.829620291954301e-05;-1.0857078341582901e-09;-1.7893721996478712e-09;9.177960204313107e-10
338.107;robot1;-27.65006619789497;39.197750271623306;0.0999574663845329;-9.506918065663703e-10;2.8612999074272288e-08;-0.5647119682346002;0.8252880666364947;-3.1372704480274486e-10;1.246018088228736e-09;7.829620292473921e-05;-1.085139216633728e-09;-1.789118152479031e-09;9.199188773801447e-10
338.207;robot1;-27.65006619789529;39.19775027162455;0.0999574663845635;-9.506634553237458e-10;2.861195436505436e-08;-0.5647119682342109;0.8252880666367611;-3.1343939810526823e-10;1.2459956013484515e-09;7.829620289561224e-05;-1.0851382123079718e-09;-1.7885016857793705e-09;9.192500725523115e-10
338.307;robot1;-27.65006619789561;39.19775027162579;0.0999574663845942;-9.506348483358883e-10;2.8610909585303044e-08;-0.5647119682338212;0.8252880666370278;-3.137331414576641e-10;1.245902319599048e-09;7.829620297910615e-05;-1.0847960314517124e-09;-1.788907122754391e-09;9.201185776496515e-10
338.407;robot1;-27.65006619789593;39.19775027162704;0.0999574663846249;-9.506064336872123e-10;2.8609865049715182e-08;-0.5647119682334317;0.8252880666372943;-3.134469291782286e-10;1.2458863095137274e-09;7.829620294846883e-05;-1.0848376691000479e-09;-1.7882865856658043e-09;9.194421235724939e-10
338.507;robot1;-27.65006619789625;39.19775027162828;0.0999574663846556;-9.505777194265848e-10;2.8608820356267276e-08;-0.5647119682330413;0.8252880666375614;-3.1367454572463503e-10;1.2456848320113074e-09;7.829620301046884e-05;-1.0845215503802272e-09;-1.7888858506541542e-09;9.219013285048843e-10
338.607;robot1;-27.65006619789657;39.19775027162952;0.0999574663846864;-9.505491696610371e-10;2.8607775900226373e-08;-0.5647119682326515;0.825288066637828;-3.133789410583746e-10;1.246047668915032e-09;7.829620299455705e-05;-1.084525454167674e-09;-1.7883081023111416e-09;9.202848525460455e-10
338.707;robot1;-27.650066197896894;39.19775027163077;0.0999574663847171;-9.50520726934824e-10;2.8606731493966586e-08;-0.564711968232262;0.8252880666380945;-3.136879884165273e-10;1.245778036495884e-09;7.829620299746051e-05;-1.0846459929041216e-09;-1.788105321229023e-09;9.194455038190203e-10
338.807;robot1;-27.650066197897218;39.19775027163201;0.0999574663847478;-9.504921718910503e-10;2.8605687157136193e-08;-0.564711968231872;0.8252880666383614;-3.134047726943314e-10;1.245726347151334e-09;7.829620299164472e-05;-1.084382154606334e-09;-1.7881174420441364e-09;9.208158484668571e-10
338.907;robot1;-27.65006619789754;39.19775027163325;0.0999574663847785;-9.504639505309038e-10;2.8604642682840738e-08;-0.5647119682314828;0.8252880666386276;-3.136811576788104e-10;1.245252545748715e-09;7.829620299408341e-05;-1.085087837286736e-09;-1.7879677825648931e-09;9.186469511112403e-10
339.007;robot1;-27.65006619789786;39.1977502716345;0.0999574663848093;-9.504354726101715e-10;2.860359804534981e-08;-0.5647119682310925;0.8252880666388948;-3.1330560642486993e-10;1.2450690286207886e-09;7.829620300719982e-05;-1.0848483200845455e-09;-1.7885266988127611e-09;9.218487823237275e-10
339.107;robot1;-27.650066197898184;39.19775027163574;0.09995746638484;-9.50407048106276e-10;2.8602553489734318e-08;-0.5647119682307025;0.8252880666391617;-3.136203207029182e-10;1.2447887892630542e-09;7.82962030012622e-05;-1.0848435918615547e-09;-1.7883313738228883e-09;9.209698853580933e-10
339.207;robot1;-27.650066197898504;39.19775027163698;0.0999574663848708;-9.503786775884903e-10;2.8601508784114932e-08;-0.5647119682303122;0.8252880666394287;-3.132748035008834e-10;1.2442689492949383e-09;7.829620300492267e-05;-1.0851015862894367e-09;-1.7885176388273439e-09;9.21573227037181e-10
339.307;robot1;-27.650066197898823;39.19775027163823;0.0999574663849015;-9.50350585851158e-10;2.8600464204971812e-08;-0.5647119682299229;0.8252880666396951;-3.1357051490402875e-10;1.2437742634873282e-09;7.829620296658656e-05;-1.0854181039787468e-09;-1.7879940008846661e-09;9.192199663068455e-10
339.407;robot1;-27.650066197899147;39.19775027163947;0.0999574663849322;-9.503223027264107e-10;2.8599419947361493e-08;-0.564711968229533;0.8252880666399619;-3.1396276015175855e-10;1.2436818023012075e-09;7.829620295922257e-05;-1.0847387290751606e-09;-1.7876796826135206e-09;9.206081331139537e-10
339.507;robot1;-27.65006619789947;39.19775027164072;0.0999574663849628;-9.502942710828522e-10;2.8598375656579835e-08;-0.5647119682291437;0.8252880666402285;-3.136302630831436e-10;1.2431940014103607e-09;7.829620292452905e-05;-1.0851908851295555e-09;-1.7874500724995535e-09;9.191833866823787e-10
339.607;robot1;-27.65006619789979;39.19775027164196;0.0999574663849935;-9.502656948144016e-10;2.859733107999535e-08;-0.5647119682287532;0.8252880666404954;-3.1319026936601015e-10;1.242969166908555e-09;7.829620297435003e-05;-1.0846149746863788e-09;-1.7885363567420843e-09;9.216830677874231e-10
339.707;robot1;-27.65006619790011;39.1977502716432;0.0999574663850242;-9.502375351731995e-10;2.8596286781019982e-08;-0.5647119682283634;0.8252880666407624;-3.135159336421012e-10;1.242237270859797e-09;7.82962029058643e-05;-1.0849888336279614e-09;-1.787607445711302e-09;9.205988605760567e-10
339.807;robot1;-27.650066197900436;39.197750271644445;0.0999574663850548;-9.502092998893091e-10;2.8595242628727384e-08;-0.5647119682279738;0.8252880666410287;-3.13826864040229e-10;1.2419306532738006e-09;7.829620290417328e-05;-1.0846983052777703e-09;-1.787451037958519e-09;9.197603390574331e-10
339.907;robot1;-27.650066197900752;39.19775027164569;0.0999574663850855;-9.50181023746977e-10;2.8594198363152242e-08;-0.564711968227584;0.8252880666412955;-3.13479863400852e-10;1.2413938540002034e-09;7.82962029131824e-05;-1.0847589769411168e-09;-1.7876840335954319e-09;9.203960795905276e-10
340.007;robot1;-27.65006619790108;39.19775027164693;0.0999574663851161;-9.501529547551195e-10;2.8593154124616946e-08;-0.5647119682271949;0.825288066641562;-3.1375183213563006e-10;1.240644441985954e-09;7.829620288420187e-05;-1.0850702026838623e-09;-1.787405679656524e-09;9.18622917275504e-10
340.107;robot1;-27.6500661979014;39.197750271648175;0.0999574663851467;-9.50124503691997e-10;2.8592109796487077e-08;-0.5647119682268045;0.8252880666418289;-3.1337489818610943e-10;1.2404329935261654e-09;7.829620290716561e-05;-1.0845410364298311e-09;-1.7879848804426302e-09;9.21831670736557e-10
340.207;robot1;-27.65006619790172;39.19775027164941;0.0999574663851774;-9.500962509294082e-10;2.8591065322959014e-08;-0.5647119682264148;0.8252880666420955;-3.136242444760087e-10;1.239682056338001e-09;7.829620292676022e-05;-1.0850327032855946e-09;-1.7880011739753343e-09;9.202240454209407e-10
340.307;robot1;-27.65006619790204;39.197750271650655;0.0999574663852081;-9.500674090401306e-10;2.859002131427028e-08;-0.5647119682260244;0.8252880666423626;-3.1332719023412705e-10;1.240926198252357e-09;7.829620293324681e-05;-1.0835372324954943e-09;-1.7878991339047367e-09;9.216186221999547e-10
340.407;robot1;-27.65006619790236;39.1977502716519;0.0999574663852387;-9.500389577830324e-10;2.8588977330516258e-08;-0.5647119682256351;0.8252880666426291;-3.1362558283745076e-10;1.240463010449337e-09;7.829620290873285e-05;-1.084154829183765e-09;-1.7874170223448895e-09;9.192613697872963e-10
340.507;robot1;-27.65006619790268;39.19775027165314;0.0999574663852694;-9.500106316583584e-10;2.858793309310332e-08;-0.5647119682252455;0.8252880666428957;-3.1328138790377416e-10;1.2399674051273775e-09;7.829620292598298e-05;-1.0846483172272655e-09;-1.7876942461670193e-09;9.199129151961833e-10
340.607;robot1;-27.650066197903;39.19775027165438;0.0999574663853;-9.49982725439878e-10;2.8586888711591317e-08;-0.5647119682248556;0.8252880666431625;-3.1352365223853385e-10;1.2391474707879792e-09;7.82962028857884e-05;-1.0855035922857435e-09;-1.787458048103298e-09;9.20687512010108e-10
340.707;robot1;-27.650066197903325;39.19775027165562;0.0999574663853307;-9.499541996238102e-10;2.8585844644159224e-08;-0.5647119682244653;0.8252880666434295;-3.13849545170776e-10;1.2403959271366972e-09;7.829620292170106e-05;-1.0841272869072463e-09;-1.787639963818997e-09;9.213695579548799e-10
340.807;robot1;-27.650066197903644;39.19775027165687;0.0999574663853613;-9.499261144329751e-10;2.8584800377725164e-08;-0.5647119682240758;0.825288066643696;-3.135232067136506e-10;1.239956032318494e-09;7.829620289741092e-05;-1.085079410301501e-09;-1.7874706433160591e-09;9.199490821482471e-10
340.907;robot1;-27.650066197903968;39.1977502716581;0.0999574663853919;-9.498980919786698e-10;2.8583756060113642e-08;-0.5647119682236865;0.8252880666439624;-3.1384701230528415e-10;1.239691936013556e-09;7.829620290054577e-05;-1.085240388766658e-09;-1.7874844459231401e-09;9.191536027132291e-10
341.007;robot1;-27.650066197904287;39.19775027165935;0.0999574663854226;-9.498695652328023e-10;2.8582712053121383e-08;-0.5647119682232966;0.8252880666442292;-3.1356242180424385e-10;1.2409708948169622e-09;7.829620289956438e-05;-1.084058113022076e-09;-1.7875409961206883e-09;9.205611860096839e-10
341.107;robot1;-27.65006619790461;39.19775027166059;0.0999574663854533;-9.498413226201006e-10;2.8581667447925697e-08;-0.5647119682229067;0.8252880666444962;-3.137284958002704e-10;1.2401526669583523e-09;7.829620293731312e-05;-1.0852026754848575e-09;-1.7882075711477233e-09;9.207805644003144e-10
341.207;robot1;-27.65006619790493;39.19775027166183;0.0999574663854839;-9.498132597644052e-10;2.858062276330505e-08;-0.5647119682225165;0.825288066644763;-3.1340851881910696e-10;1.2396632836170875e-09;7.829620291433515e-05;-1.085588104320318e-09;-1.788135111870272e-09;9.212338764628818e-10
341.307;robot1;-27.650066197905254;39.19775027166307;0.0999574663855145;-9.497851691978723e-10;2.8579578329338407e-08;-0.5647119682221271;0.8252880666450296;-3.1367149999584556e-10;1.240270557629868e-09;7.829620289100456e-05;-1.0852591638433136e-09;-1.7877525747246623e-09;9.194531605115575e-10
341.407;robot1;-27.650066197905574;39.19775027166431;0.0999574663855452;-9.497569069824922e-10;2.8578533773516245e-08;-0.564711968221737;0.8252880666452965;-3.1336427295727687e-10;1.2402095014031227e-09;7.829620293670258e-05;-1.08511324328344e-09;-1.788147224700103e-09;9.210588360608631e-10
341.507;robot1;-27.650066197905897;39.19775027166555;0.0999574663855759;-9.49728999256431e-10;2.857748927163952e-08;-0.5647119682213478;0.8252880666455628;-3.1365911689443816e-10;1.2397349694619224e-09;7.829620290933233e-05;-1.085636539919288e-09;-1.7876578648156751e-09;9.187311581397351e-10
341.607;robot1;-27.650066197906217;39.19775027166679;0.0999574663856065;-9.497004535077614e-10;2.8576444938061424e-08;-0.5647119682209574;0.8252880666458299;-3.132684941150085e-10;1.2408728915949826e-09;7.829620293509495e-05;-1.0843940978675115e-09;-1.788100358823141e-09;9.219475558913523e-10
341.707;robot1;-27.650066197906536;39.19775027166804;0.0999574663856372;-9.496722506133538e-10;2.8575400370183022e-08;-0.5647119682205676;0.8252880666460966;-3.1351612732956107e-10;1.240155465455457e-09;7.82962029532353e-05;-1.0852245093499683e-09;-1.7881001064300902e-09;9.203466202768559e-10
341.807;robot1;-27.65006619790686;39.19775027166927;0.0999574663856679;-9.496442436472196e-10;2.8574355946592574e-08;-0.5647119682201776;0.8252880666463634;-3.138673757253001e-10;1.239643072354174e-09;7.829620292755754e-05;-1.0853842193052523e-09;-1.7876411226958055e-09;9.208043006170803e-10
341.907;robot1;-27.65006619790718;39.19775027167052;0.0999574663856985;-9.496162316019732e-10;2.8573311910484748e-08;-0.5647119682197882;0.8252880666466298;-3.1354805481118857e-10;1.2405037316758918e-09;7.829620285992574e-05;-1.0849384742108682e-09;-1.7870070281363292e-09;9.192069292405998e-10
342.007;robot1;-27.650066197907503;39.19775027167176;0.0999574663857291;-9.495881846847415e-10;2.8572267687240872e-08;-0.5647119682193992;0.825288066646896;-3.138460764084435e-10;1.2402213147822555e-09;7.82962028999026e-05;-1.0850924689248047e-09;-1.7873556031480866e-09;9.186159804674625e-10
342.107;robot1;-27.650066197907822;39.197750271673;0.0999574663857598;-9.495598607347866e-10;2.8571223250207233e-08;-0.5647119682190088;0.8252880666471634;-3.1347522513609077e-10;1.2400400977129982e-09;7.829620291775553e-05;-1.08487666154736e-09;-1.788021120663031e-09;9.218561279059745e-10
342.207;robot1;-27.650066197908146;39.19775027167424;0.0999574663857904;-9.495318481520346e-10;2.857017875062688e-08;-0.564711968218619;0.8252880666474298;-3.13753022595687e-10;1.2393181858543234e-09;7.829620289036287e-05;-1.0854605063445616e-09;-1.7877727235062547e-09;9.200670032558383e-10
342.307;robot1;-27.650066197908465;39.19775027167548;0.0999574663858211;-9.495032379187871e-10;2.8569134477973336e-08;-0.5647119682182287;0.8252880666476969;-3.1343813056946877e-10;1.2405704152191887e-09;7.829620293588554e-05;-1.0842188878358292e-09;-1.7880728537915216e-09;9.216631819956731e-10
342.407;robot1;-27.65006619790879;39.197750271676725;0.0999574663858517;-9.494750103757263e-10;2.8568090116515735e-08;-0.5647119682178391;0.8252880666479635;-3.1371185980438544e-10;1.2398616998499406e-09;7.829620291470833e-05;-1.0849508627338664e-09;-1.7877872598680979e-09;9.198798819072011e-10
342.507;robot1;-27.65006619790911;39.19775027167796;0.0999574663858824;-9.494469154634127e-10;2.8567045713650627e-08;-0.5647119682174494;0.8252880666482304;-3.1338871229143235e-10;1.2393616023909247e-09;7.829620289073036e-05;-1.085215945317073e-09;-1.7877053967714456e-09;9.203327171352287e-10
342.607;robot1;-27.65006619790943;39.197750271679205;0.099957466385913;-9.49418740516649e-10;2.856600149872556e-08;-0.5647119682170604;0.8252880666484963;-3.1365128631076315e-10;1.2402028432499686e-09;7.829620290611698e-05;-1.0848722850363583e-09;-1.7874857420939947e-09;9.182091838423423e-10
342.707;robot1;-27.65006619790975;39.19775027168044;0.0999574663859436;-9.49390612591845e-10;2.856495697881069e-08;-0.5647119682166706;0.8252880666487633;-3.132327170468514e-10;1.2395842356566231e-09;7.82962029018563e-05;-1.0852941663620736e-09;-1.7879357325763085e-09;9.205061172890548e-10
342.807;robot1;-27.65006619791007;39.19775027168168;0.0999574663859743;-9.49362353795164e-10;2.8563913017315268e-08;-0.5647119682162807;0.8252880666490299;-3.1359264067638034e-10;1.2406494738285591e-09;7.829620287013608e-05;-1.0844483204595911e-09;-1.7871620215365196e-09;9.20414922194137e-10
342.907;robot1;-27.650066197910395;39.19775027168293;0.0999574663860049;-9.493341426431027e-10;2.8562868729585066e-08;-0.564711968215891;0.8252880666492968;-3.1386535409111076e-10;1.240139753136872e-09;7.829620291695723e-05;-1.0848956459736275e-09;-1.787647316730471e-09;9.203514528236273e-10
343.007;robot1;-27.650066197910714;39.19775027168416;0.0999574663860355;-9.49306375678737e-10;2.856182444137947e-08;-0.5647119682155017;0.8252880666495628;-3.1355874536146727e-10;1.2396953241494591e-09;7.829620285134928e-05;-1.085628587070936e-09;-1.7871462901625296e-09;9.187670284096053e-10
343.107;robot1;-27.65006619791104;39.19775027168541;0.0999574663860661;-9.492778869248671e-10;2.8560780193008027e-08;-0.5647119682151117;0.82528806664983;-3.1379317117250584e-10;1.2408255060158534e-09;7.829620291113414e-05;-1.0843931398505143e-09;-1.7878960673937827e-09;9.212790573777263e-10
343.207;robot1;-27.65006619791136;39.19775027168665;0.0999574663860968;-9.492498334803555e-10;2.8559735656651543e-08;-0.5647119682147218;0.8252880666500966;-3.134395690804273e-10;1.24013805104202e-09;7.82962028959074e-05;-1.0854365875743843e-09;-1.787879475573071e-09;9.204165306193981e-10
343.307;robot1;-27.65006619791168;39.19775027168789;0.0999574663861274;-9.49221837402601e-10;2.855869110934272e-08;-0.5647119682143323;0.8252880666503631;-3.1375910563199696e-10;1.239867277207351e-09;7.829620290661119e-05;-1.085542958332567e-09;-1.7878327800453256e-09;9.196140990075491e-10
343.407;robot1;-27.650066197912;39.19775027168914;0.0999574663861581;-9.491936648018472e-10;2.8557646619573128e-08;-0.5647119682139423;0.82528806665063;-3.1348074157008e-10;1.2398065390650251e-09;7.829620291425805e-05;-1.0851858512921707e-09;-1.787936705095826e-09;9.210158813854754e-10
343.507;robot1;-27.650066197912324;39.19775027169037;0.0999574663861887;-9.49165738094133e-10;2.85566019152482e-08;-0.564711968213553;0.8252880666508965;-3.1373320424806756e-10;1.2390709739728922e-09;7.829620293447367e-05;-1.0858329178969927e-09;-1.788013106799544e-09;9.194252127755521e-10
343.607;robot1;-27.650066197912643;39.19775027169161;0.0999574663862194;-9.491374368922463e-10;2.8555557595789163e-08;-0.5647119682131627;0.8252880666511635;-3.1335738502431743e-10;1.2397866085673361e-09;7.829620293678402e-05;-1.084780003805583e-09;-1.787800116838502e-09;9.215578164252807e-10
343.707;robot1;-27.650066197912967;39.19775027169285;0.09995746638625;-9.491092177900438e-10;2.8554513796538127e-08;-0.5647119682127729;0.8252880666514303;-3.1367772663644077e-10;1.2403965512591895e-09;7.829620287822329e-05;-1.0843286726656675e-09;-1.7868485897899032e-09;9.204771378957597e-10
343.807;robot1;-27.650066197913286;39.1977502716941;0.0999574663862807;-9.49080732408149e-10;2.855346975201332e-08;-0.564711968212383;0.8252880666516971;-3.133952910821673e-10;1.2400644411282823e-09;7.829620295835456e-05;-1.084166605513357e-09;-1.7875540497778523e-09;9.206353290580391e-10
343.907;robot1;-27.65006619791361;39.19775027169533;0.0999574663863114;-9.49052796266419e-10;2.8552426061778054e-08;-0.5647119682119937;0.8252880666519634;-3.1362070860400115e-10;1.2396320229122071e-09;7.829620289240445e-05;-1.084672620066714e-09;-1.7863490295494066e-09;9.191779394811252e-10
344.007;robot1;-27.65006619791393;39.19775027169658;0.099957466386342;-9.490244056052288e-10;2.8551382438564138e-08;-0.5647119682116044;0.8252880666522298;-3.1322941463983826e-10;1.2404435459223619e-09;7.829620289443894e-05;-1.0838476782340994e-09;-1.786751626262265e-09;9.189105078894571e-10
344.107;robot1;-27.65006619791425;39.19775027169781;0.0999574663863726;-9.489965244065495e-10;2.85503386539577e-08;-0.564711968211215;0.8252880666524962;-3.1340272370124906e-10;1.2393903124982483e-09;7.829620289656597e-05;-1.0848703614602302e-09;-1.786442852443201e-09;9.193231511607964e-10
344.207;robot1;-27.650066197914573;39.19775027169906;0.0999574663864032;-9.489685099198492e-10;2.8549295339376943e-08;-0.5647119682108258;0.8252880666527626;-3.1383773918075245e-10;1.2399528277810355e-09;7.829620286579688e-05;-1.0841197322775614e-09;-1.785818222977259e-09;9.190890756376659e-10
344.317;robot1;-27.65006619791489;39.19775027170029;0.0999574663864338;-9.489407977071427e-10;2.8548251856574594e-08;-0.5647119682104375;0.8252880666530282;-3.1341038256277696e-10;1.2390132375457347e-09;7.829620283893424e-05;-1.0848076139679554e-09;-1.7857543470588362e-09;9.167836368878373e-10
344.407;robot1;-27.650066197915216;39.19775027170153;0.0999574663864644;-9.489128378460035e-10;2.8547208646888962e-08;-0.5647119682100491;0.8252880666532939;-3.1383024425127074e-10;1.2395634616930056e-09;7.82962028497008e-05;-1.0840906264290115e-09;-1.785583624932898e-09;9.167527271340207e-10
344.507;robot1;-27.65006619791553;39.19775027170277;0.0999574663864949;-9.48884861865386e-10;2.8546165705541896e-08;-0.5647119682096609;0.8252880666535596;-3.1354718136097765e-10;1.2398536624242083e-09;7.829620281200526e-05;-1.0837611787382655e-09;-1.7851585487997961e-09;9.167018362746771e-10
344.607;robot1;-27.65006619791586;39.19775027170401;0.0999574663865254;-9.48857072506967e-10;2.854512284293209e-08;-0.5647119682092727;0.8252880666538251;-3.140060581833685e-10;1.2391020014188247e-09;7.829620278546404e-05;-1.0839797225577514e-09;-1.784817966757946e-09;9.164591791330885e-10
344.707;robot1;-27.65006619791618;39.197750271705246;0.099957466386556;-9.488291773348243e-10;2.8544079899194195e-08;-0.5647119682088844;0.8252880666540909;-3.1351626058318514e-10;1.2393700504684901e-09;7.829620279365784e-05;-1.0838969479011655e-09;-1.7850708772668816e-09;9.168903936204101e-10
344.807;robot1;-27.6500661979165;39.19775027170649;0.0999574663865865;-9.488009652204702e-10;2.8543037325317136e-08;-0.5647119682084966;0.8252880666543563;-3.140863809097575e-10;1.2399466008289628e-09;7.829620280708746e-05;-1.0829569998007595e-09;-1.7848186022647591e-09;9.156375850909071e-10
344.907;robot1;-27.650066197916825;39.197750271707726;0.0999574663866171;-9.487729230718746e-10;2.8541994542868468e-08;-0.5647119682081087;0.8252880666546217;-3.1371800375903395e-10;1.2392334183532e-09;7.829620283237742e-05;-1.083473102242928e-09;-1.7849706355156395e-09;9.157389587844632e-10
345.007;robot1;-27.650066197917145;39.19775027170896;0.0999574663866476;-9.487449181291143e-10;2.8540952005199762e-08;-0.5647119682077208;0.8252880666548871;-3.134336240283325e-10;1.2395434195382072e-09;7.829620280567327e-05;-1.083258156523835e-09;-1.7845239900850902e-09;9.156586354199767e-10
345.107;robot1;-27.650066197917468;39.197750271710206;0.0999574663866782;-9.487168044250331e-10;2.8539909765554582e-08;-0.5647119682073329;0.8252880666551525;-3.1372167984264136e-10;1.2401535547627364e-09;7.82962028332661e-05;-1.0827428884686343e-09;-1.7841549807532794e-09;9.157633170903685e-10
345.207;robot1;-27.650066197917788;39.19775027171144;0.0999574663867087;-9.486891537426466e-10;2.853886740848104e-08;-0.564711968206945;0.825288066655418;-3.132874270258845e-10;1.23914523392549e-09;7.82962027623142e-05;-1.083638826482862e-09;-1.7838253586862782e-09;9.157835306121303e-10
345.307;robot1;-27.650066197918107;39.19775027171268;0.0999574663867392;-9.486613726631816e-10;2.8537825533639936e-08;-0.5647119682065571;0.8252880666556833;-3.136021984574336e-10;1.239756696844064e-09;7.829620273998158e-05;-1.0828789023443239e-09;-1.783176800799494e-09;9.156767667190931e-10
345.407;robot1;-27.65006619791843;39.19775027171392;0.0999574663867697;-9.486336141231746e-10;2.8536783656804776e-08;-0.5647119682061691;0.8252880666559489;-3.1379330681210653e-10;1.2400497857786423e-09;7.829620274410307e-05;-1.082918855369517e-09;-1.783155232285321e-09;9.160827488732299e-10
345.507;robot1;-27.65006619791875;39.19775027171516;0.0999574663868001;-9.486060438790412e-10;2.853574186159476e-08;-0.5647119682057812;0.8252880666562143;-3.134818299961144e-10;1.2393575540545112e-09;7.829620267618231e-05;-1.0831366966782162e-09;-1.782807735676476e-09;9.157991181507431e-10
345.607;robot1;-27.650066197919077;39.1977502717164;0.0999574663868305;-9.485782480957203e-10;2.853470028540924e-08;-0.5647119682053933;0.8252880666564798;-3.137908278649103e-10;1.2399661265891012e-09;7.829620268974861e-05;-1.082517450227709e-09;-1.782701414351427e-09;9.158911312511003e-10
345.707;robot1;-27.650066197919397;39.19775027171764;0.0999574663868608;-9.485507935174578e-10;2.8533658519006e-08;-0.5647119682050054;0.8252880666567453;-3.1337776542743873e-10;1.2389537655800863e-09;7.829620261272638e-05;-1.0832943704256722e-09;-1.7826296841208735e-09;9.158991462198839e-10
345.807;robot1;-27.65006619791972;39.19775027171888;0.0999574663868912;-9.485230649378314e-10;2.853261698731493e-08;-0.5647119682046173;0.8252880666570107;-3.1368819915507205e-10;1.2395549106951643e-09;7.829620263526189e-05;-1.0825773673550603e-09;-1.782551985187033e-09;9.159928610891593e-10
345.907;robot1;-27.65006619792004;39.19775027172012;0.0999574663869215;-9.484952948861899e-10;2.8531575594391392e-08;-0.5647119682042293;0.8252880666572762;-3.1326276524453245e-10;1.239865280993657e-09;7.829620256673003e-05;-1.0823526786779214e-09;-1.7823693071467999e-09;9.160022645293487e-10
346.007;robot1;-27.65006619792036;39.19775027172136;0.0999574663869519;-9.48467571668442e-10;2.8530534219107733e-08;-0.564711968203842;0.8252880666575415;-3.1373408971646956e-10;1.2391685198644766e-09;7.829620259308021e-05;-1.0824096140380947e-09;-1.7822874935555213e-09;9.148548840247915e-10
346.107;robot1;-27.65006619792068;39.19775027172259;0.0999574663869822;-9.4843954944074e-10;2.8529492868954006e-08;-0.5647119682034543;0.8252880666578065;-3.133752942995357e-10;1.239791811328762e-09;7.829620263059404e-05;-1.081888545822417e-09;-1.782583580378453e-09;9.149064352711587e-10
346.207;robot1;-27.650066197921003;39.19775027172384;0.0999574663870125;-9.48411645626551e-10;2.8528451790823133e-08;-0.5647119682030668;0.8252880666580719;-3.1362406115701815e-10;1.2401165716862162e-09;7.829620257870144e-05;-1.0817775838087756e-09;-1.782000974204167e-09;9.14878843592209e-10
346.307;robot1;-27.650066197921323;39.19775027172507;0.0999574663870429;-9.48383891662935e-10;2.8527410519666968e-08;-0.5647119682026792;0.8252880666583368;-3.1346527244315107e-10;1.2394522178949983e-09;7.829620262463088e-05;-1.0822427253573836e-09;-1.782150258347337e-09;9.146381590608111e-10
346.407;robot1;-27.65006619792165;39.19775027172631;0.0999574663870732;-9.48356228945648e-10;2.8526369496688525e-08;-0.5647119682022919;0.8252880666586021;-3.137207546468218e-10;1.2397790039932811e-09;7.829620257244222e-05;-1.0821130683803182e-09;-1.7816377087661863e-09;9.145998432027465e-10
346.507;robot1;-27.65006619792197;39.19775027172755;0.0999574663871036;-9.483283114752806e-10;2.8525328413714345e-08;-0.5647119682019044;0.8252880666588672;-3.133684054592617e-10;1.240423395545518e-09;7.829620261400826e-05;-1.0817612069634988e-09;-1.782024383762409e-09;9.14655132249941e-10
346.607;robot1;-27.65006619792229;39.19775027172879;0.0999574663871339;-9.483006152328756e-10;2.852428721519753e-08;-0.5647119682015163;0.8252880666591326;-3.136510045638337e-10;1.2396357794286336e-09;7.829620259039965e-05;-1.0822563387781072e-09;-1.7819654297076854e-09;9.161252168686407e-10
346.707;robot1;-27.65006619792261;39.19775027173003;0.0999574663871642;-9.482729948898742e-10;2.8523246317992258e-08;-0.564711968201129;0.8252880666593976;-3.1349497215925333e-10;1.2401030329651823e-09;7.829620255189295e-05;-1.082041071419775e-09;-1.7813821296157323e-09;9.141500331677148e-10
346.807;robot1;-27.65006619792293;39.19775027173127;0.0999574663871945;-9.482454470934334e-10;2.8522205132380842e-08;-0.5647119682007411;0.825288066659663;-3.1392540231127757e-10;1.2393085268804401e-09;7.829620260754558e-05;-1.0824855962311026e-09;-1.7817766477260923e-09;9.156987082340707e-10
346.907;robot1;-27.65006619792325;39.1977502717325;0.0999574663872248;-9.482179180320268e-10;2.8521164282615078e-08;-0.564711968200354;0.8252880666599279;-3.1361090333114224e-10;1.239751090554604e-09;7.829620252526132e-05;-1.0821367298189838e-09;-1.7812007712018801e-09;9.138246237137355e-10
347.007;robot1;-27.65006619792357;39.19775027173375;0.0999574663872551;-9.481900686087404e-10;2.852012349716809e-08;-0.5647119681999662;0.8252880666601933;-3.138673138257585e-10;1.2402626795334186e-09;7.829620253903163e-05;-1.0815358565208404e-09;-1.7814565169038816e-09;9.15466928735818e-10
347.107;robot1;-27.65006619792389;39.19775027173498;0.0999574663872853;-9.481623635504231e-10;2.8519082704766632e-08;-0.5647119681995786;0.8252880666604585;-3.13577452680039e-10;1.2395907541153355e-09;7.82962024888265e-05;-1.0817814697348734e-09;-1.7813044996791836e-09;9.150792214872159e-10
347.207;robot1;-27.650066197924215;39.19775027173623;0.0999574663873156;-9.481346190145196e-10;2.8518041983357412e-08;-0.564711968199191;0.8252880666607237;-3.1397976895243076e-10;1.2399163671607867e-09;7.829620251252895e-05;-1.0816364623392382e-09;-1.7812321331598223e-09;9.150916318512453e-10
347.307;robot1;-27.65006619792454;39.19775027173746;0.0999574663873458;-9.481069973611628e-10;2.8517001258551424e-08;-0.5647119681988035;0.8252880666609889;-3.1369079668791085e-10;1.239241435457982e-09;7.829620246765863e-05;-1.081842490238211e-09;-1.7810985950567231e-09;9.147103808019487e-10
347.407;robot1;-27.65006619792486;39.19775027173871;0.099957466387376;-9.480790559861394e-10;2.8515960697440734e-08;-0.5647119681984162;0.8252880666612539;-3.1352658111138976e-10;1.239890660053859e-09;7.829620251069362e-05;-1.0811304616989547e-09;-1.781189210959845e-09;9.144145493973404e-10
347.507;robot1;-27.650066197925184;39.19775027173994;0.0999574663874062;-9.480515363599122e-10;2.8514920067543742e-08;-0.5647119681980288;0.8252880666615189;-3.137970147202731e-10;1.2388948656642716e-09;7.829620246035715e-05;-1.081903591040921e-09;-1.7808264739990406e-09;9.143304187011992e-10
347.607;robot1;-27.650066197925504;39.19775027174118;0.0999574663874364;-9.480237398266983e-10;2.851387978147808e-08;-0.5647119681976417;0.8252880666617838;-3.1349515361710227e-10;1.2395400288333422e-09;7.829620242393076e-05;-1.0810585174151983e-09;-1.7805713902241512e-09;9.139292126885442e-10
347.707;robot1;-27.650066197925828;39.19775027174242;0.0999574663874666;-9.479959255670941e-10;2.8512839537789265e-08;-0.5647119681972547;0.8252880666620489;-3.138980915927309e-10;1.2398765428253815e-09;7.829620245975351e-05;-1.0809823524706624e-09;-1.7805219262911205e-09;9.139307030546055e-10
347.807;robot1;-27.650066197926147;39.19775027174366;0.0999574663874967;-9.479683337658243e-10;2.8511799194542805e-08;-0.5647119681968665;0.8252880666623142;-3.1357950444510107e-10;1.2391087825231687e-09;7.829620241057335e-05;-1.081461686402175e-09;-1.7804349340128687e-09;9.160756126393334e-10
347.907;robot1;-27.65006619792647;39.197750271744894;0.0999574663875269;-9.479403592343466e-10;2.8510758894574682e-08;-0.564711968196479;0.8252880666625795;-3.1404032013070577e-10;1.239755157784989e-09;7.829620249690589e-05;-1.0807820191972704e-09;-1.7807964969148467e-09;9.150406201092393e-10
348.007;robot1;-27.650066197926797;39.19775027174614;0.0999574663875571;-9.479125031970304e-10;2.8509718629248876e-08;-0.5647119681960917;0.8252880666628445;-3.137270152700808e-10;1.2398550250016583e-09;7.829620245645408e-05;-1.0809389654354875e-09;-1.7806054546497821e-09;9.1422619405531e-10
348.107;robot1;-27.650066197927117;39.197750271747374;0.0999574663875874;-9.47884707472859e-10;2.8508677841682568e-08;-0.5647119681957038;0.8252880666631099;-3.133298199823257e-10;1.2390800421858086e-09;7.829620249051596e-05;-1.0816279801619841e-09;-1.781398963574213e-09;9.158213515507939e-10
348.207;robot1;-27.65006619792744;39.19775027174861;0.0999574663876176;-9.478568159251575e-10;2.8507637497024183e-08;-0.5647119681953161;0.8252880666633753;-3.137059749170001e-10;1.239743393741955e-09;7.829620246080823e-05;-1.080969804769428e-09;-1.7807761714952543e-09;9.153938420256408e-10
348.307;robot1;-27.65006619792776;39.19775027174985;0.0999574663876478;-9.478288990579702e-10;2.8506596780717545e-08;-0.5647119681949277;0.8252880666636407;-3.1343390616934216e-10;1.2397265025060679e-09;7.829620252564275e-05;-1.0813479560323231e-09;-1.781418037018941e-09;9.164703526771945e-10
348.407;robot1;-27.65006619792808;39.19775027175109;0.0999574663876781;-9.478009218992275e-10;2.8505556488181892e-08;-0.5647119681945398;0.8252880666639064;-3.138109470969557e-10;1.2403990588424219e-09;7.829620249387587e-05;-1.0807703821959544e-09;-1.7807868657162894e-09;9.16043062179053e-10
348.507;robot1;-27.6500661979284;39.19775027175233;0.0999574663877082;-9.477733620454061e-10;2.850451585061942e-08;-0.5647119681941519;0.8252880666641719;-3.1342059671594927e-10;1.2394385799974518e-09;7.829620244772878e-05;-1.0818478675093782e-09;-1.7808846341613526e-09;9.159115913601177e-10
348.607;robot1;-27.650066197928723;39.19775027175357;0.0999574663877385;-9.477456082501084e-10;2.85034754684863e-08;-0.5647119681937641;0.8252880666644372;-3.139400201293286e-10;1.2401029924213611e-09;7.82962024928232e-05;-1.0812393226437492e-09;-1.7806824618545574e-09;9.15581990557853e-10
348.707;robot1;-27.650066197929046;39.197750271754806;0.0999574663877687;-9.477182882621642e-10;2.85024348414463e-08;-0.5647119681933767;0.8252880666647023;-3.1363656716331286e-10;1.238868300049831e-09;7.829620244323188e-05;-1.082230257596764e-09;-1.7805964381297902e-09;9.147606051313967e-10
348.807;robot1;-27.65006619792937;39.19775027175604;0.0999574663877989;-9.476905268653914e-10;2.8501394124448306e-08;-0.5647119681929885;0.8252880666649679;-3.132240505565831e-10;1.2393854706680783e-09;7.829620246588622e-05;-1.0816029745964076e-09;-1.781242930021448e-09;9.163500129267327e-10
348.907;robot1;-27.65006619792969;39.197750271757286;0.099957466387829;-9.47662598225673e-10;2.8500353928923974e-08;-0.5647119681926006;0.8252880666652334;-3.1359489287380533e-10;1.2400308899005687e-09;7.829620242726214e-05;-1.0807384382060194e-09;-1.7805710487306203e-09;9.159171398630791e-10
349.007;robot1;-27.65006619793001;39.19775027175852;0.0999574663878593;-9.476348868899192e-10;2.849931317386266e-08;-0.5647119681922125;0.8252880666654989;-3.138135783054121e-10;1.2386736330381606e-09;7.8296202525435e-05;-1.0817282255159467e-09;-1.781249585308985e-09;9.164244642783203e-10
349.107;robot1;-27.65006619793033;39.19775027175976;0.0999574663878895;-9.476068926670764e-10;2.8498272778479873e-08;-0.5647119681918245;0.8252880666657644;-3.1351837842261764e-10;1.239318190469454e-09;7.829620249547339e-05;-1.080855376384228e-09;-1.780975174093235e-09;9.15978931699389e-10
349.207;robot1;-27.65006619793065;39.197750271761;0.0999574663879197;-9.475790230875335e-10;2.8497232864140407e-08;-0.5647119681914373;0.8252880666660293;-3.1388242962716444e-10;1.2397737480008359e-09;7.829620243320602e-05;-1.080518523646013e-09;-1.7800405460755255e-09;9.140232700063215e-10
349.307;robot1;-27.65006619793097;39.19775027176224;0.09995746638795;-9.475506911909735e-10;2.8496192496935408e-08;-0.5647119681910493;0.8252880666662948;-3.1327218991201366e-10;1.239948749082116e-09;7.829620252805357e-05;-1.0802680579062335e-09;-1.7813098434770182e-09;9.161309218458728e-10
349.407;robot1;-27.65006619793129;39.19775027176348;0.0999574663879802;-9.475226863103675e-10;2.8495152253043165e-08;-0.5647119681906615;0.8252880666665602;-3.13659617880464e-10;1.239301523685758e-09;7.829620249646012e-05;-1.0806685016710166e-09;-1.7807371602836931e-09;9.156545586334506e-10
349.507;robot1;-27.65006619793161;39.19775027176471;0.0999574663880105;-9.474945235943416e-10;2.8494111648753353e-08;-0.5647119681902739;0.8252880666668254;-3.131721649793954e-10;1.2396415466624854e-09;7.82962025285509e-05;-1.080815769306013e-09;-1.7815100892949203e-09;9.149576468167287e-10
349.607;robot1;-27.65006619793193;39.19775027176596;0.0999574663880407;-9.47466348020782e-10;2.849307147238742e-08;-0.5647119681898866;0.8252880666670904;-3.135469402819298e-10;1.240322280381093e-09;7.82962024942825e-05;-1.0803122032945816e-09;-1.7808185822724332e-09;9.144919191274247e-10
349.707;robot1;-27.650066197932254;39.19775027176719;0.099957466388071;-9.47438557511392e-10;2.849203081363325e-08;-0.5647119681894994;0.8252880666673553;-3.13616989471198e-10;1.2393702500504383e-09;7.829620252684697e-05;-1.0814921196998e-09;-1.7811803211556594e-09;9.139690700374455e-10
349.807;robot1;-27.650066197932578;39.19775027176844;0.0999574663881011;-9.474107755023484e-10;2.8490990589000378e-08;-0.5647119681891122;0.8252880666676203;-3.1338827201861443e-10;1.2400642630830075e-09;7.829620245105813e-05;-1.0810157112282079e-09;-1.7804539229924186e-09;9.142393162809119e-10
349.907;robot1;-27.6500661979329;39.19775027176967;0.0999574663881315;-9.473829877961747e-10;2.8489949716785266e-08;-0.564711968188724;0.8252880666678859;-3.1363114536461513e-10;1.238927272386949e-09;7.829620257804953e-05;-1.0817363530569056e-09;-1.7815295364941316e-09;9.162317548900204e-10
350.007;robot1;-27.65006619793322;39.19775027177091;0.0999574663881617;-9.473552568637204e-10;2.8488909153568822e-08;-0.5647119681883368;0.8252880666681509;-3.133269321346231e-10;1.2393892478815172e-09;7.829620250745464e-05;-1.081480359472744e-09;-1.7809549233246344e-09;9.142512809088471e-10
